2016
3258
3159,3424

424
641,1014
2757,1857
3426
2228
2374,2377



3392

935

3258

2166



2979
3294,1712

3179
3116
1199,340

315
2220
1857

3625
3683

1586
2826



1857,3435,2052,554,3605,3519
1837

1586

2826,1515
3125


1622,1610
1857,3729
554,3829,2667
340
3041,3533
1304
3646


1857
361
3392,3426
1565,3258
3900,164
1857,454
3159

1390
554,1857

3258
3116
1290,2938,2541

3468
2583
1055,2050
3426,801



1332,509



162
340

1048
2675,1619
162,1515
3273
3533,336

545


3258,1515
1857,554,3829

3392


483
1841
3533
336,3296
1610
1586,2979



1515
1303
1319

1332,2017
340

315
1055





1332

3426,3213

841,1722


1319
1370

554
3426,318

3468






158,156
336,3533,247

1841

3116,1332
2049
1857
2829

1857,3693,3519

2108
1586


3683

3509
2417,2400,1857

3194,1567

1841,162

3326,3533
1586
2306

3426
3426,340,158

3533,1857




3392,3294
424,1523
3533,1857


3533


509,579,1332
1586


2189
1857,2306
3910

3509

3533


3509
317
2670

3865
1604
1841
366



3212
3533,336,1857



1332
3426,3509
3294
3948,3294,1712
775




336
424
3891,3203
3258,775

1610,2364,2717

1416,340


3182


1586
3182



1068
3646


2789
1684



3203,336
1655,1857
1857,554,3194

1170

454
3535
2417
2090

1857,1201
1002,1370
1300,1332
1332,33

3221,483




935
424

1857,2448



3426,3392,3435
2557


1332,509
3900

163




3829


1841
336,3296,1714
3512
3382
935,1199


315
3512
3392
812
1180



3632
3794
3533,1857,336,3512
3646
340

1688
1857


340,3426
3512
3794,2220


1303

554
3326,3900,3533
1427
158,3426

431

317

1319

1841

3021,3936
318
2693
3533,1857
1841


554
424,1852




2979

3392

1199,1427,2829,3194


1610
2050
1857

2974



2072,3194
1619
3258
1841

1567

3509





1857


3426

2979



3511
3159
1416,640,288

3179

1386
3426


3242,3392

336,454





3829
1857


2696


1882,523

3179
288,640,1416
3533,336,841

3816
3625
1427,1857,2125,1416
3900


1319
3032





1586

1857,179,554,3194


3426


3467,523
3625



3116
1416
1332,1300

3900,3533

2547
1170
3179

3426,340
1857,1416


456


2085,2557

2125
1732





1655,2306

1841
247
3533
3468
2137


1332
1473


3426,3392



1379,2172
1841

3533


1830,163
1515


3509
1523


2066
2269
340
336






3159
2240

2220,3179
2306
1841,1586

1427,2306,2757
1841,3258


2955,1728
3426,452


3533,3605
2979
2701
2674

3512

1565
2757
1722,3900
1857,1741






2066
794


775

2789
3258,3386



554

3116
3426
1769

2364
2267,3435

3816
1427

3729



3182,424,891
3533,336




1565



438,823
158,159
3426
3392,3426
1515
3426
1180



1857,2072
3511

1303

3512,2826,1199,438,3468
1879,1857

3258
1170,3435
3900,164




3182,3179
1586

1665
1857,1703



824,775
1586
514
1619,385
775
1427,841,3194
1665
3426

91
1744
2337




1841

1728,2364,935
1523
1841
1857,385,2561
1586
3426

210

3392,3426




1857

3533,1857,3512

2826



288,503,3426
728
2450,1655
1841


517,1427,1431,1567
3533,1857
336,3296,1714,2757
3426,336




3509
1841,3258
163
1418,2581

1201
230

3258
1857
3646


3533,1857
1202,241


3557
523
3419
2866


2826,850
479,340
1857,2306,376
1841,2169
3475


2189
2240

396

3533,1722



2789
554
3018,1769
3632
554,1857

3627
1602

1604

287



508,523

1427,2374,2377
1170,3326
3715,775

2377
1654

3032


3296,1714,891

3426
2220
3467
1857,287
1857,3605

553
2979
1857
3511

287
1303
2050
2085
3794
1427,2377,2240,3326

1332,509

3900


3426

1857


2541

3512
2740
1197
3198,3511
1974
1722
3159,1427

1712,3294,2193
1688
1416,1586
340
2066
3382
3794
3683,288
3533

3258,1565

640,1416
2240



3948
3509,3794
340



775
2050


3533


812
3426
3625
1857,307,1769
1427
454,1386
3116
553



3511


1610
2757,1427
179
554
3511

3816
1857,2829




3392

509,1332,1319

3794
3533
1180
496


891




164
1857,2072

3258
1857
1199,2829,3194
3533,553

3426
1934


446

1199
2085
1319

2701

1201


935,3509
3533,336,424,3182
1857,2306



2789
841

318


3900,164



2072

3533,1857
1857,554,3412
1857,458,3533
2757
1706
3900,1722
935


2169,1974
1513
1068,2412
1427,3116


2757
1857,554,3829
188

523

1655
1857
1416


3296,1714,3533,2450




1854

3646
1857
1857,554
162,1386

3426
3426
1586
1857,1769


3900
1857,2417

2066,2306

3509

288



2764
3512
1841
1586
1857,1427


3829

3426,3392





3891

2706

2667
3426

2227
1857,2400,1769




3392,1655

1523,3392
2220,1567
2561,554,1857


1586
1857

3194

336
2757
2826,3424,3533,2789
3794
361,2306,1199
2400
163
841

3426
3910
1722

1390,1386
3876
3646

2306,2757,3511
3426,3392
1882

2306,1586
3392
1769
2050,2541


1653

2412

2706

1072,2401,1974
2374,2377
288







2074

3646


1665
3182
523


2131

1857,2829,554
336
2303



2364
2826,1201
1665
3512

1857,3533,3392

1857
2049

1688


2066,2581
3533,2353,1200

3203
1857,554

2979
1857,3533
1857

3116
3511,2757

2066
3182

2979


340,3426

3426
2412
1290,2938
397
1416
454

424,3533
1379
189
2240







1427
1370,1386
2979




3426


1321,1332,509
1622

3646
2303

210,503,560

1473

3032



1418,159,2552
1857,2400

3625

3258
396
170
3509

3294,1712
1202
3511
3511,1655


3812


1857,2829
492,3426


1319
3646
424
3426
1882,1688
3258
2979,3625





1295
3426,340
336

1390,1319


3032
1857
2693,3533
3900

3406
1562,3426,3203
3625
1857,3605
2240
1638

1857

3159
1857
2125
2072,2548
3816
3426,3392


2123,267

1344,372

2740
2168,3114
1201
3468
554


1523,935
2169,3512
1841
1776
1290



1857

91

337,1515
935

2826

1857,385


3258,1565
1857,554

1857


935
3424,2826

2223

3426
3326

1857


1332
3116,503
1586
3296,1714
3258
3452


1386,2066
2125,3426
2675,1619

2294
1881
336,1427
2561

1857,3018


3116
935
454
1427

1857,1170

2548,2098
1179
509
935,2050,3258
1841


3511,2189,3392





2377,3533
2374,2377

1688


3511,1857


3179,1610

2706
3213
1036
996





1857,3018
454
1379
2826,1201

3213,3511
3426
1857,3468



1841
1610,2364

841,3900
3816
892

3468
3116
158,483,3392
446

3182

1857
336


3512
3114
2228,2061

1622
334
1586,3509
3196,3258
640,1416



3876
1417,3426
2450
3426
3041
2974,1610

841
3392
2979,2223


1319
288

247





3159,1515,3509

2732
3326

396
2320
775
2199,3426
2826

1857
1427,2374,2377

288
1586
342
1370






3512

3290
2269
3392


1665
743

1841,159



2050,3258

2979
3727
3426,3179


288,2220






1654,3203


385
1515,3509,1857
3794,3512

2115,3683

2240


3891
1857,3729


3212,1974


2097
2829,1655
1567
2562,3836,3644
1841
2240,3794
1857,188


3426
2050,3794

2757
472



1180
1974
3392,3426
361

1267
3467,523
336,163
1655


1665
3426
2125,2338


1665
777


1370

1857,2306,385


2066

336,2228
1180
3426


3605,2827


3509
92
87

3794,935,3509
163,3889








2050,340,935,3509

3900


3426
1857
573
424,3533



3533,1857,3159
3519
1427,2374,2377
1319

1523
2169
1513

2072
2125,2189

1841
3511
546

1386
1390



3179

424
1658
1857,247,1769
3533



2745



553,1655,3296

1586


1857,3533

156,1322,1299

1655
2353

1706



389
1066
3426
1332,509

1857,1523
2581
1841



935
1700


3512
1458

1744

1854


3552,3426

1319
3258
3426
1332,1319
3159,3392


2757,1416


91
424
3907



1688
3424,2826
1857
2193,2240
1416,1857
2125
315,935
1199
3523
832,3816
3258
3465


1841
2066
164
1418
2701
2826

3509
546



2050

247

2829
2322

1427,2374,2377,1416

2016

2979
3426
3533,3605
3221

1319


384


1332
634
3468,599



1386,1299

3509
2090
3813,1688
3392,3382
2107

3258,3159,3890,935
3179

3194
2706
1857,2306
3179
1759,3625

2737

2829
1857
794,3203
3258
2364
3179
3213,3426

2826,850
2417
3412




1068
2504
3140,2505,3299
2102
2604
438,1857,3533
2974,1610

2789
3426
336
3426
1001
2789,288,1515,3509


1857,554,3605

3646


2374,2377,1857,3533



1857,1655

1857,2066
158,3426





1319
2706
3512,3392

1390
3426

3900,288,3426
87


1841

1654,1857,3382





3426

3533,1857
3729
3509

3891,340,3203
1567,2238
3326
3426
517




2706

1199
2829,3533


288,3509,1515

1586

1390
1841

2322
3435,594,1857

3258


1857

599
1290
1303

1841
1866
1619
3486



1857,2829,3533


3646


3426,1651
750

91
2618

2278
832,3816

2169
340
3426
3116


3159
1857
1841,1610,2364
1655


2374,2377
3646
1370,1180
3511
517,2693,1427
3876
3900,454
1841
517


3533,1857

1513


3646
1857,3018
1416,288
3382
1841,1416



424


3021,3936

1857,3018
3426

2789
3212
1386
3426

1841
288,1416
1857
3326
1586
2701


159
3511,3392
2364
288

1857,2306,3729
3535

1586

847,2384,2740



188


1619
1586
2701,210
3511





1841
517,1427,1431
162
3242
1857,1863,2374,2377
509
2102

2306,1655
3625



634
3179
2717
288,3715

2789

1830,163
1857,3435,3194

1427,1416
2353





318,3426
2306,2829,1857




2137
3625

2955



3511,3198
1688
1376
3031
1841
548,1851

3605


424



3512,3900




1586
599
1841,1417,1857



3147

385,1619
3392
1586,2979
3406
179,554,3194
1586
1857,2417
1586,1857,287


424



2955
288,3509


3625
3426,3619
1586
3683,288



2050
794



1857,2696,340,3392

3258,1565
1373,1319


3522



164



2189
288,3683
3625
2102
1857,3018,1728
1842

3194
2222
340,1268,2538
1554,1785
1332



2789,1523
424

1706

3179
340

162,340,3426

3533
3032
3182
1638,2228
523,3416




2829
2098


241,3426

1610
2364
956,3475

3426


3159
3426
849,2400

1427

2353
454

3426,3392




1586


1513

1658

1857
2547


1857,1879

1567

361


2449
1857,2696,2050,3392
3435


1332,1974
2789
3426



3021,3936
841
1857,3605
3900,247
3467,340,3509,2189

1036
1586
159
3375
554


2240


517,87
1586



424,3296,1714,1416
3258

454





3511
3426








336
2050
1857
2757
3512


91

2667,3159
454,3773
1857
1841


1879



424,3182

1857,2696,288,3392
318,3426
2541,2050



3473,3468
514,3114
3629
1586


2166

2377,3426
2072,2548
1513
1665,2102
424
1048,1170
1857,554,390
1857,2072

3159,3424
3426
1386





1303
3426,3392

3179

2979



3203,3468

3392,3426
1688
1416,3194
3239


3683
1638,2228

1180
3426



3426
162
1655



775,2706,3794
1857
1427,336,1638

594,3435



3533

162,2820

3296,1714
458,1879

2789
1655,385

1554,1785,3258


3701,1322

1857,2417
3392


336
2240

1974,2050
1857,554,2236


514


1170,3326


1654
3258
1841
3794





2090

2322
1857,2306

2131
1199
1604


2829
2400
1830,3195
3533,1857,2339,2239,3890
3512
1665
1319


1857
315

3553
2189

554
3212
3625

1857,2696,935,3392

3182,1857,3533
2400,2979
3511
2449

1586
1857,458,3533,1879








3326

1857,1879

1523

340


1586

2077,1914
3794
1199,424



3426

163
1523,3533
3646

2561
385
2050


1857


1604,3326,935

2364
1857
1857
2417,1769,1857

2979



2829

336
2693
935,2757

1857,850


3426

1857,2789

2417,1529
3242
340
3426


1857
3426,3392
3392,2552

1303,2125,2189,2789
2050,2774
1841
247
743,1180,1202
438
287
170


158,1513

3426
1201
1857,3519
1386

2789,3794
3258,1565
3426
553




832,3140
1295
841
1857
1857


3179
424,3426,1170
3426

1427,2374,2377

1857,2103
1841,1857

3116,2449

3729
1857,554,2979
336,3203

3792
1665,1655,2583
3773,2547

2050
523


1180
935
3511,288


2979
1586,1665
1610




385
1857
3326,1523

2374,2377,3533
1622


634,340

361,1610



288,3203
2220
247,1688

3426


1857,2829
2552
3683,3419
3426,3392

1473




3195,1830

1857,1199,424
1857

1202,1068
1513
318

3468,599

1417,3426,3785
3533,1688
2737,956


2240


3486

1458

2581

3419



3794,288
1715,3794
1303
3382
1319

2097




3406
1437,3392,3426

2050

2220,3258
775


3509,2189
1841
1416
1586

1513
164
2097

3426

1170

3515,3891
3511


2738
1586
1199,2829
3426
1565,3258,3509



1586
3258
2536
3468

3794
1776
554


3392
1458
2501

1688
823,438
2353
1857
1841

3948

523,3889

2979


1332
340



1622
1319
2377,3533,3512
3435







2668

1290,1619
935
935
3182



2050

1857,1841
3511

2538
3258

366
2400
2338
2740,2240

3426
1654
164

3533
3229
3419,159

2102,523
2504
554
554

804

1586

960

3511

1857,3729
2789,3533
3794





2701

2220
454
424
163,3889
1416,640
156

336
3435
1857,287

1427

554
1586

3646
3522,1854
1515,3509,1199,336,2757,2829
1654
3159


1586
1841


1785
832,1851

1857
2220


1857

1180
3426,3392
3742


1857
1841
1199

1879
336


250
2774,1513



3258,1565
1473

2222


158
2294
1170
163




2362
1332,509,1319
1586



3426,334
2826
1202,1203

3426



1857
2220
3553,3426

1744,1180
3179


3469
1841

3848
336,1427
2102
1427
1857,170,1769
3116
3512




935,3179
3426
1857,3890

3948

554,1857
2364
2417




158,162,3509



1515,3509
3419



2826
2789,3794
454,554,2072
2322

210
1586
1066

3273

1416

2338

1523
247

2189,640,1416
1586
3683
1386

3646

2829,3533
2692
1857
1379

1200,1857,1769






2228

1586
2322

1319

336,1427
1180

891

1586,3509,1515,1523
2125
1562,3426
935,1728



3426


3392
3251

554
1586
2364
3794

794,1319
3116,3125

170



1513
2374,2377,3533
3392


1332,1319
1857
1820

554



3533
340
1654
2979



1586
424,3533

340

1655
340,3392
158,1322
2364,1610
3426
2115
2072,3385
1882
1665
1427,2239
3116
1619






1448
2789

3159,1201,3533
3140,3179
91

3426
1610


2561
1857,1655
3426
2417
2829,1586

3426
1610



3605



2757
3512
3426,2077
1882
2473









285

224,3326,2125,2189

2548
1610

1658



3533,3468,3473

301
3392




3523
340
3426

3533,3159,1857
3392

340




1180
3258,1565

775

1841
2353,1386
3468,3515
2989
1857
1523
3469,1565,3258
3646
1670

1515,3509,1427
1857


3533

3778,3553

3182
1857,2669



3951

3887,3889
336,3533



3159,3424


3794,3795
3294,1712

340

3552,3426
841
3213,3511

3619,3426,143
3533,2820,3392
523,2102,3889

158,159,3419

3891,3041
3533,1857
2240
1199,1857


1332,1319,3212
2050


3512
1170
2789


336,3533
1586
796,3512,3910

287
320
1723,288





1655,1515,3509
3392

3392

3794

3032





3941
3533,424



3426



3392



1655


1857


340

3392
2100

3900

1655,1857,2306
2066

2322
2181

1722

361

3512

454,3900


1665
3294,1712,2306
288,1515,3509


1416
3326


2670

1841,3392
1688
2072
1655
336,3533,841
2826



1688
3032,3683,1170,3512
2066





3535

3392
3182

3159,1567


2552,334

1586

1332
3392
775,1515
3405,3625

424,3533

1427,3159
1376

1448


2541
2974

1379
3426

2706,2701

3876

3511
2701


2552

3018,1857
523
2098


454
3426
287,3900


1586,1841

3426
287,2236
1170
1688
3258,3386
1857,1722
1515
554
3646
1688




344,3426
2189
1170

3426

2222

3182
1523
472,2757,3509
3533

2789,1523


3426,340
2240

336,2541



3665
3512




3794

1857
1857,2374,2377
1072
1665
287


2701


3794,2050
3258
2417

472


1586



2269,3829,3273
3382
1427
3794
288

2757,935
1610

3426




1180
3794
2829,3533,1688

1857,553,1769

3533,2066
1523,1527,2507
336,1427
1001


2789

1857,2306
2738,2740
2066

3830
337,935


1857,1665


3625
288,3426

1857,2829

3426
1857,170




1857,1879
3213,3426

2374,2377
1567

3514
1036
2757

3239
1857


1565,3258
935
2220,3511
3426
2306

579,1610
2611
2738,2740,2049
2125,3533
315,3194,1386,2789
3426,288,158
1373
288,3794
3258
3865,1684,365

1319,3797

1427,3203
3900
829,1319
3435
2108
2581
340
3950
3605,1857,1769





33
3511,3392
1857,3951,554,3829

1427


2581,3426
1416,1427,2693
3326,3533

1857


3258,3625


1201
1857

438,823
3426
1473

336


3424,3533,3605
1857,3424,3533
2667

2108
1416







1427,210,1416

3258

2383

1416,640,340
1515

1857,2417
3855

3794

3392,3426
1303
2826,3424

1170








1857,2125
1565,3258
3426




2667
1586,2979

935,2050
3426

1586

92

1567
2561

3512


1841
301

1857,2306,2125,2789
1769,1655
2829,2827

2826,3424

935
1851





1303,3392
2561,3533
1655,3948
1180





3512



1332,1319,2401
2066
162

3533
3457
1180

2050,3794
3392
3468
1586


2701
1655,247

2979
1841



1841,1586
3511





1841

2189
1857,2829,3018,2827,1199

3426



1857
1416

3511

2125



1857



3021,3936
3511

1841

3794
158,3426


2548
1619
424



1513
336,1427
3050

1881

1655

2240
1879
3196

2354,3426
3900



1857
3382,3437
2902
1586
801

344
1427,2374,2377
3511

3468

832
599
1852,3182
1610
2827

2757

2338
1857,2400,1769

3647,336

1857
3625

454

447,3213,3426


1066

1688
3468

3426
2374,2377,3533

594,606
1776

1857,2374

1513

3159
3374





1857,2306,2353
3194
1586



3426,2756,305

1769
3203,164,1304








1857,3392,3533
1857,3519
1197
3730,3629






336,3533



935,1441

935

1379
1857

2364


336


3203,3890,2789
2757
3221
162,2269

1785
3159

3392

3426,340



3426,179


1586
1748




2757
3406

452
2125

1714,3296,2789
3392,3426
3683
250
1390

3159
3392


3203
1665
424,3426
1857

2222



3533



2829



1586


3533
1857,554
2757
3646
386,3196

2239,1427
2240,1303,2125,2189,3326,2789

3392
3426
3159
446



3533,1857,458,1879
2072

3203,3196


3426
1567
2016,1386
1332,318


3258,1565

3182

775
1841,2541

3533,1857
3294,1712
1654,1857,2066

3221
336,3203

2353
247
3900





3242,1880

1427
3375,3203
1857,3159,3533

3512
3258,1565

1841
2050


1679
1379


743
336
2757
1303,2125,2189


2835,3426

3392
3159

1665,1688
3900

3625


3514



1290,2938

336,412,3533

3426,2835

3891
340
170,3533,1665,3900
340,3952,361
1386

3625,935,1515,3509

1706
1841
2757

1857,3159
371,1416,3426
2050
3426




3382,1857




3426

340
1319


2137



2377,1841
3913


287,1072

2220


935

3533,841
3426



2049,523
1857,1769,2227
2125
771

804

1515
3426,158
1841
559
599

1416,1857

3239

454

336,438,3533
1857

1586,1857
1513
3533,424,2789
1712,3294
2374,2377,3194




1565,2050







1586
3212



164,3392
2541
288,1857
164
2829,3533


2052,3435,3194,3605

1841

3426

1722,3159
164


1427,2706

1619,841


3426
1857,2829,1515,3509


340
1416



1863


1857

1655,1841
1881
3511,2220

3326
518,1665

1386
1671,935

2757,2829
559

3203
1857,2417

1303

3196,3203
3625


340
775
3392,3426
2085

2979
1586
2125
3426
3182
1513

1619

3512




1857
1750
1586
3116,1390

1857
1655,1857,2417
3179

3182,1427
288,3426

1857,2072
3948




247,1688
2100
1427,3891,3041

2789,1170


3426,3392,634

3426
1197
424,3179
1565,3258


3948
170,2417,1201
2220
935
3194
3535
1170,3326
2541
1841

2757,3326
1515

3426
288

1427,336

1201

318,1321,1513
3258,935


1706
1841
1841,3533
3625
1882

1857,3212
3116






2193
3392,1458
1513

158
775
3812


2789
2979
361

1515
163
3203,3890

505
1290
3203,336

2552

832
3258

3179



3426
318,2050

1841
3666,3519


3392,3426
3646
1303
3194





157,960
1619,3194
3290
1857
1171

1857
3729

1857
1201,2826
339,1857

2374,2377

3512,2374,2377
424,3900
3382,3900
3468
340
1332

3258
1586

3509,3426
1841



1586
1854

163,640
1857
3426



2789


1386
1586
3794
1513
2322
3426,3392,534
2107
454,1857



1841,3646
2374,2377,1055

3515,3891


340,3426

1841
2866



1857

1199,1857
336,1427
1857,3514

3258
3426,1527
1427,2374,2377
812
1416

2228
3426
3179
2050

2979

1857,454,3392
1322,157,156
3426





454
841,361
1319,2561
3426


2738,2740
158,3426

1586
1857,2377,3326
1857

3948

424,1072
337
340
1427,1416,3693

3125,247


158
1416,640
1810
156
3509
1857,3512

3194


1427

804
3212,288,1515,3509
2757
1857
1857,3212
3794

1199,1857,2829


1857


1199,1857
1857

3798,472
634,1373



3426
2374


1654,2417,1857
3515


1055
2829

1201,2826




3294
3468,2384

554

3512,3179


3533,3729
1586
3468

1857
163

288

188


1728

1857
1857,1882

3876,3426

841



2364
1654,1857
2085,1386
935

1857
1586
935,2050
2125,3533
1202
3876
1416
1665
340
340,3426
1688,3647
3533
1841
2608,1857

935

1332
1427,1416
164,3203



91
634

396
3468


3900

3533
1427,2374,2377
3032
2740,2789


3374
3605,1857

2829,3533,1688
812
2789



1565,3258



3937


1586
2974
3116,1202


3182,3533

1857

1332,509,1319
553
2050,3242
3512

1857,1712,424


3625

1665,143

3392,2115

579
1622


2541,3511

1857


1332
2374,2377

1857
3892
3900

424,523

2050



1332



3900

1857,454
336




3374,1586

3258,3890





3816
3533

1523
3258





3426


3416


3326
3217,1857
2240,1523,3533
509,1332
315



3512
3382
2103

2561


1857,1179




1523,2400
2189
1610
1665





1857,2829

2789,1072
2228
1427,2239


3605
336
2322
1974
3729
509,2986
340

188
1586,2979,935




1857


2740,1837
2077,3426
431,3179,3693

1776
3426

1036,1390


3426
3900


1319
3426


3426
3533,2672,1515,3509
554
1416,640
1857


577

1619,1418

1586,3392
1857

3511

1857,2757,3533



509
2561
1554,1785

3936

1622

3294,1712
3203,3326

3900
3159


969,1881
2979
3533,2353

1586,2979
3891,3203

1586,1857
1604

3258
454
3511,376

1319,775


935
3900,1857




3646
634
1303

3290
3258,1565
2066

1665



3392

2979
1567,3948
472,2757
424
801
158

2532
2050
1841
3900
3426,2541

1857,454
336
1857


1668


3426
794,3605

1841,2169
3512

2417
3392

2050,1523


2979

1857
3426
3533,1303


3116

841
3533,1857

3435,385

3426,2220
3426
1857,2072,340

3273

1332,509

1199

2552
1180
3533,1857,2339,2239,3890

2364
1857,2098,1769
2139
156

2066,2306,1199


288,3794

2050,509
3194

1586



1373
1841
1857,554
1684,1513











2107


554


1170
1332,509,2072,1319
1586,1857


2757


336
523,1882
3794

336

3426,3203


841


3426,775



1857,3159
2306


3426
3533,2417

804
424

1290


3900
1303
935
2220,3794
188

1688
2737

523
1586
1857


1180

1776
554,1857



143
1416,1688

3533

1857,1879
2979



1458,935,340,2220,3509

2374,2377,1857

3419
2757,3511


3512


2102
2364
2374,2377
2229
3756
1418


1586
1654,1857,3272

554
1857,554,3605


454


1857
3426
3509
3509,2827
1036

3426



1857,2072

3326,1857



340
3900
2322
2374
3182,1197
3533


2220,3816
438
2690
1586,2979
1654,1857

340,2764
1586

2322

1567


3533

935
340

3511


3829,265
606



1974,1418
1586
3605
3182

3221

91

3816
2552


1619

446
385

1055

1586
2740,3426

3533,3326
186
1586
1604,1303,2189


1857
450
2364
3419,1332,509

2448


1586
1857


1390
3258

1199,1857
336
1857,554,2561
1879



2102,2415
3426

509
1427
554
3294,1712


1857,3194,2789,2189
2377,1319
340

2220
1841

1810
3021,3936
3891,3041,3515
3221
1610



2383



3511
3675,3942



424

1857
3426


3512
3468
3258
2552
2826
2789


1586




3382,2757
336
594


2789

3326,3512

1655
2757
3512
1857
2757
3426
1332,509




1857,2829



3182
3468
1558
1857,3382,1654

1586



1841
640,3203,2189
2362
1857
3203,3196
3426

1841
3209
454


1386
3050,2444


1857

3511,340
1427,454


3514

1319
3258




3426




3392,2552

960


1586

317




3426,1704,3551
3557
3426

2826
3182

1688
2240

2757
3258




1586
158,162,483
340,3426
935,1728


1841


2538
1857,1655,2306
1665
247,1688
830
1857,2072


1688,2732
3683
288,3435
334
3179
1416

3294

340

1619,2240



2979,1036

2306,2696


2979
1427


1586,2979
188



2364


554

1427
1857,1841
1379
3511

2829,3018,336,2757,1199,1200
1416,3194
1658,1523
1386
3426
1586

3426,812
2085
2701

2189,3533
3258,1565
3511
3258
3512
2377

3937

340
1841


1048
1841
3426
1857,2738,2740

775



1427,3891
523,2049
3794
2050,3179
2829,3533,2066





3032
3512





2338






1586,1841

3258,2581


1857,3468
1427,3515,3473


2826



3533,2561,2097

1857,841
3829


1622

3794
3426,288
2048

2125,1523








3258
1655,3294


2085,1386



91



1655,247
1427,1857




1586


1303

3533,2066
1199

2066

3426
1416
3646


3533,336

2216
1879,2066,3114
1655

2757
3392
1688,287

162
1290
1665
1586,3382
325,793
1857,1515,3509

1180

2115,3683


3426




3426

336

1769,2098,3816
3693


2757,775

3032,3683,1170,3512

2757,340
2137


3392
2757,288
2125

1857
3683
1857
1857,554


1882


3159,1201
2757
3239
1610
3392
2240
1170,3426
3258,288
361
3182

1458
2199


1857
163
1879

2166,3509,2189

3392

2826,3424

3258
2077



509
158,3392,3426
381
1857

2378

301,1170
2074
3221,2541

3511

1619,3509
812,3392
3426,3392
891
1857





3426,3392

1841
3426
2240
3018,1857
3646


424
3294
1199,1857,2829


1386
1665



3258,1841
1665
2757
553


3203,164,1304

3512
2757
1180
1857
841,3900,3533
1820
3258

472,2757

2738
1879

3258,1515
1857
1857,1879,3050


2979
2240


179,3426
250
361


3179
1857

3258
2085

2166

336,1416,1427




1180
3533,1857,2693
2139
3533,336



3891
2240,1523,3533
1665
1001
2125
3605

2374
3509
2701,1319
1170,2098
2189

1602,2169

1290,2107

3294
1841,1197
3426
2374,2377,3533,424

1857,3018,385



340,1665
2072


2195

3850

1841

1427,3891
396

2338
1857,3605

3392,3426

1202,1203
1857,163
159

1688
3426
2400
3646
509,1332,1319
1565,3258

1332
164


2561

1370

1857,3382

3392
3533
3326
1586

1879
1863,2383
1688


1881,3290





1170

3326,3900
1055

3258




1180


3426
1201
2172
1586



2449

3509
1319
1857,2072

155,156,1324
1854
1332
2757,2220,2050,3392


21
2377
1180
2979







1765
3794
935

634
2050,3426
2979
1169

2374,2377,3533
2066


3605,2826,487,3424



2717
2701



2706

3646
3625
337,1857,1515


3182,3294,1712
2091
3533,3294,1712,3296,1714

2374,2377
3646
3533
640,1416


2417
3392

1879,2667,3533


3392
340
1857,2189

3392,3242

1882


1638,1857,2228


775

3511

1386
164



3392
3382
1857,287



3426


1416,1515



454
2979,456

523,1882

1879,458
3426
2979
2125



3646
3426,288,3876

3426
2979

1180
3948


1857,2826,454,3392

3182
1655,1728,1857

1180

3426
3646


2189,969

3239
336
1586
340
454
2220
3948
2322
91
1654,1857
1319,1622

143,3535


2199

3794,3847


2364



3773

3159,1427

1857,287
2757


1619
3426,3619

1379
1386,1622


2835
3070

3426,3392

3182,1523
3326





1201

1523,3533,935
336
3511,340,2220



3890





3392

1688


3512
554
1416,1427,2374,2377,2789

2374,2376
2667,3533
1857,1879
553,3040
3934,812


1201
336
3900

396,3294,1712

554,1857


1586

3533

2220,3511
736

1427,2374,2377
1427
1766


336,2541
1610
91




3116

3468
164

3426,1610
1066
1416
3182
3533,3159,1201
1586
2228



1851,2448
1418,2581

2706
1688



1386,1170





2240,337,3533


2789,1688
340,3426
2829

3426,3392,3553,143
2125
594,2868


2789,3426

315
3509
424
2449

1201

3468
3629
2353
1841

3376,1567,2503

3520
336,1427


1857,1303


1390
2437,2016

1857


3032
2789

3426
2374,2377

158


3426

1390
3258

2166


336



247,385,1655
1332,509


3511
1610
1516
1841
158,3426




1297,1306,640,1567


2701,1319






2169,1974
3468

3816,3426
3258



3426


1857

1857,3217,1769

1416
2417

3426
3182,1197
1654,1857
3646
1857,2829
2374,2377
1303,1523




1857,3533
276
1688
3509
1586
2125
794,3902
3533



3424


2374

2072,3194



2826,1201
1586

2757

87
2052
2826,1201
3426,1515








1586

3719



1879
1610
3511
2757



2066
3182,3900
1619,385
3948
288
1427
3392

2789

1857,2829,3605
2125
1319
1857,3729
1586,2377,2374
1857,3533
486,1513
3196
935
3533
1513

1610
3522,1854
3646
3533

1586

1427,1416,841



3797
1417,1857
2374,2377,1416,1427


3221
935
2600
1712,3294
424,2306


1655,1769



1706

454
1200
2400
1332,2717
336
337,2337
288,1515,3509

1655

1841,3435

1072,3683,288
2074
1857,2732
1655
3876
1002


3426,2374,2377
509,1332

1857,2979,2561

1857



288,1515

3326,2826,3258
3937
1002
1857,2072

1857

2826
1170





3644
1857,3159
2049

156,1324
3041
1879,1857


3426,158
1655

3511,1742

2979

1319
3512


1170,3787

1586

1036
454,1619


530
1303,1523
1857,3727,2789,3605
1427
2306


1417

1857


3509
1857,3937
247


1610
3182
1785,1554
3729

91


2220

2362
3533


1586,2979
2979
3258,935,2050
1386,3948

1769



1427

2189
3426
381
1290



2085


3794
1427,3041,3891

3512,3533
2546



3533
1857,610



2757

2338

812



2448


1688


1586



3294
1586
3203,3891






1857,554
3583


2374,2377

3037
1586,1665


2383
1837

3729


2281,336,1714,2757,2829,1199,2374,2377,3426,3296
3196,3203,3392
3426


3533,424,3182



3533
1857

91

3426


1604
2098,1170
3468
1427

3512,1655


1857,2400,2072


3426
1055
1586



1319,1332
1586


2374,2377
554

3116


2125
1857,1201
3522,2669,1416

1513
3683

1516
2561

1654
1622,3392
3511


1199,2827

3625



472,3294
1857

2220

829
454,1688
1857,3829

3194

2448

3426

1379
3203
2561,1857


3018,1857
1841,1619
1857,1199,2125

3392,1170
2374,2377
1655,1857

2860
3258,1565


3392,3426,3553,1459

3294

3258
3426
2098,1170
935

3406


424

3468





1202,1648
1586

1759,3159,3437


3426
2374,2377
1857
3213,3426



2051

3419

1562
2400,2050
3041


1857,554,1882,2236
1586,1841
2374,2377,3533


1619,553


2220



3644
3426
1427,1688

2561

396,2979
1197,1841




396
1759
158,483,3426
523
424
3719








3382
935


2701

2717


507
775


3203
3794,1857
3213,3426,3294
3392,3511
1610

2374,2377



1199,1857

163,1386
1880,1448
3392
2552


2374,2377,288,1515
517,1427

2050

3683,288

1857,2099,1769
1655,376,3018,1857
640,1416
1303

496,1303

3426


743
3426
1810
2050
794


1513
1688

1427
1386



1427,3515


1586


3533,1857,3729

3242
1416,2757

3512


3773
3426,956


1586

2789
3729
1319
1622

3021,3936
750
3258

1857,2060
2072
3512,3900




1180
1857
2955
2220

1684,179

1688


1857,3392
1857,1879
2757,1655
3625,801



1610

3182

3419

1744

3392
1036,2085,1390

1854
336
1857
1390,397

3392





3182
2240




3258


1655,1857
2220

2228

1427,2827,2829,3194


288

1655
3426,3213


1619
2383

3392

2220,3475
1857,1879
1427,3159
3412,1688

3533
3511
3194

1622
2364
2066

744,454

3509
1201
164







337
2199
2220
2764

3258
1202

430,1386
1386,2556
3426
2189,1416


2125
794

1390


3625
3426
3553







287
1416
1857,2303
1201
1303

1290

3426,3553
2979
775
2979

179
336
1841
1390


1857,812,2667




2115,3683
449
1700
1567
3419,1379

1427,1416
1390


1654,3948


1170,2789
1655

3125


396,1416,2979

3794

1857,1879


1857


3382
1857,554,1882





523
3326
1857,1769
3258,2050
3426





2789,2757
1332,1300




1857

2979
2066
523


1857,2137
1688,2697




3207
1722
3426
3424,2826

1857




3179,1622
1586,2306




1619,2541

1841


3900







2377,1665

2220,3794

143,3426

1857,2306,247


318,288
1857



3533
162,3392

3426
1586

1785

3426
2085
454,1688

1655
1704
1857

2979


372
3876
1180
91
2829



1857,1769,553


3179
2552,1586

3553,2303,3426


1513
2757
1841
1427
1199,1427
1610,2364
1033


1319
1857,1170
1586

3426,3125

424,3900

336
2220,3794

1427,438


3374



1655
2050
3258


3159,3533


554
3392



288

1655,3778


1427,336

841,288,3683

336,1427

3533,3326

3468

2222


1319



3509


1523,3392


2561
3392
1857,3533,3182

3879


1857

158
3326

3426,3437
1857,3533
1427
3182
3426
1416,1319

1857,3018
3182
1323
1554,1785



1688,3533
1857
317,1879,2227


1304,1857,1741,2667


1416,640
3203

2066,3533





1427,1416
1655,287
2829


1857,2374,2377,3533




1655
509,1332,1319


3426

1857,554




336


3258

2066

1665,2826

832
3258
2400
340
170



1390


1840
1567
3258
3392
1688,2374
336,2377,2757

2303,2306
336
287


1610

1390


3159,288,1515,3509
1857,1879

454



3116,3382


2049
3646
340
2338
2581
1586
1586
1427,438,3194
2090



1169


336,3203
1202


2322

3392
2561,2756
3468,3891,3041
3374
3533,1857
1841,1586


1267,3239

1769,1728,3816
2979

3426,750
1670

3426,288
1204,1857,1769

1386
2826

1665
2063
1857

1857,3727
1390

188


509,2986
1934,3707
1841
3948


1515
1002,1370



1610
832

2220
2085,3683


2050
340

2353
3392



3182

3533,1200,1303,2789
1857,2052,3435


2757,3392

2706

3468
2269
3258
3386
2449





3426


3486

3693


2955
1857
1841,3221

1202,492


1857
1857

2193

3426



3426
3426
1665
1390
3749,2097
2098
1523


1857,3829
3426
265
1857,3018


3533,1857,2417
1290,288
3382,1857,3533
1370
164,2125
2417

3374
3876




1303




1857
91


2377,2374,3194

1654,1857

1857
340,3426,158



3116


3426,505
1830


361


3182
1586

554
340,1567
1586


2789
3646
3392,3426



3426

451
2826





1857

2400,1857
336
3182

3512
2306



3729
1857,554,3114




3426

3468,1515

2228
833
3511


450


1688,287
3625




1515,3509
935
3382,3392
1857,554,3951

163
1857
1857,2189

3625,2979
1665
2223
188

3426
1665


2364
1857
3794,340

3778,1619
1759,3900


823,438
1857
2374,2377


1841

1586


336,288


1586
2098

1706

1610,2364
2667

3203
3468,1879
3159,517

3392

1416,2240,1427
1610,1197

340

2220
1197
1586,3374
2979


775
2050
91



2561
3452


3509



361,3382
1390

3116,2979

514
3426
2552
336,1427
340
3182,1857,2306
2789
3426
2099,3523
1857,3018
1841,3533

935,1515
340


1857

1170
553

1416,640



1458

1427,2374,2377

2552
3620,158
336
2085

3419

1180
1857,385
318


2338


2826,3424,3533,2789

1857,2137

3426

2220
1879
336
1841
1857,1769


3426

3182
2223,3876
2198,3816

2098

3426,340

2955

3426,3392,158,492
1655,3948
841,3900

3426
2974
3426
3533,1857

3294
3836


841
3533,640,1857




1586,3836
2581,3426
1319
2737,3426
2692
1386
3426
2090

2108

336,2757,2829,3533,3890
3272
3511
1857,1879
3392





2974
1170
361,2306,1199
188,1319


2826
3258
3512,288,3683

1586
3426

2131,446
2706
1610

1665


3426


2417

461,3392,3426
3182,424

2364
1841

336
3773
454


1290
1324
1619
2125
2364


3392

3512,2169

287
1295
2448
288
1515,2552
1303
288








1332,509

3729



2732


158
2401,1319
560


812,3934
1810,3385
188

2757

3116


340
2072,1863



3623
3203

3426,340

1180
454,3533
2364,1610


2353
1303




340

3179
2137
1934
1586,1841
841,3533

3426
1427,1200
454



2374
1170,3787



517
1523,3533


3468
1586,2979
2338,2856
1857
1586
3426,1670

2701
2107

1670
1199,2827
3729
424

3426
1857

3512,288



3794
1688
2829
1319,1332
3116
2131
424

1857,3435,3194







1170

2600

2789




2757
891
3375,1180

288



1647

424

1303


158


1604
1857,2500

2364
2701
3512




3179
3468
2240,1303,2125,2189,3326,2789

1386,397

3900
2417

1841
1332
373,935,3683,3509
3729

1386
38,554



3426



438,823,3203
1427
264




3816


2377


188,3212


1303,2240,3326
3426,318

3018
1744
1857


1390


579


1841

1857,554,3605,1879

3426,3619
554

1515


336
3258,1565

2072

1857,3605




1199
3426,3392,912



2189,1523



288

1379

1170
1332
1610
2050,1170
340


1857,3605,1769
2449



3258,1565

2829,3605


3426
3511
340
3605,1688
1427,2374,2377

3426








1857,1769,3194
288,3683

969




3392,2693
1857,1769


3392
2541
2240


1199



3374

3416




1974
340



2706

3426
170







456,2979


361,3952
3511

3468,3041
2979,456
1866
1586
3182
3426
1303



340

2737,956






159
1513
502
3511

454

2701
2826,850

1416
2829
3426
505,3426
3258,1565
935

2712

2979
1857,1879,554
775
1001
2757,3326
1586,1665
3511

87
3900

2789
3258
2979
334,3426
1776
1857,2374,2377,3533
2228
1416,1427,3647,517

1841
1169
315


2538

1199,1857
336,3509
2240
3258
3426


2220
361
1728



2303,1523
1448
2417


483
2541



3914
1841,3296,1714


3948

91
3326,3900
1513
1809

1857,554
3794


1562
2166

3625
2228


3876

2377,1857



2322

1841
2757

288
3533,3512
841,3900,3533

3182
3159
3511


2829,554



3787
454

2322
336
3465,3294,1712

1586

3032

1565,3258

3426
1586


553
2974
3426
1379
1857,2400

3258
3258,3509


3296,3426
3794



3392

3511
3511
3729
2294

505


1416,424,1427
775,3773


158
3392

2827
162,156,158,3700


3392
935


3147
1513,2338
287

2051



3644
424
288,3426

1567,3159


1684
2364,1610


3258




1857,2306
3116

3194
336,1655,287
264

1586
3159

2390
1665,3392

1688
1567
1170
2333,3437
1857,2306,2450
1197

1857,2400
3382
3523
1170



3533,1857,2125




1857,2829,1655
3509


1586
3182,1655,2757

1416,454

438,1586

1180,3413
2955
1665

1199,2829


1303,2189,2125,2789


2220,3511

1586,2979
2383,2826,3424
1586
553
1857,2306
3392
1857,1769,1746

1416,2738,3203
340
3729
831
3533,1857


3533,1857
2189
3426,3553
3203,3159


372

2374,2377

1688,3533
1036
163
3258
1882



1586

3511
1427
775



1416,1586
1688
1043,2417


2125
1857,458
935,3258
2220


3392
336

1586

3212

3533,1857,424,3182
3900
1319


336


3050
1586

2674
2306,1857,3382
397
2090,3392

3646

3511



3951,2131,287
2052,3435
1857

1841
3412
3426,3552,340
3221

554
38
3512,2169



3426
3116

3382
1857,3194
2135,2072
3900,3533


1001


3794


1202



2979
1427,3533,1857,1416
2400

1586
3533,336,424,3182,2789
2017

1332
3426,1417


158,483
1332,1319,3797
1879,458
91


3258,1565
3196,1304
2974

1857
1841,3511,935,340
1390
1586
376
2177
3533,458,1857


1567,1748
2757,1655,3948


2169,3512
3194
1610

3646


3258
179,454,3512,2338
2448



892
1934
456,3625
3646
2115,891,3683

340
471
554,3728,1857
775
2774

3891,2789,3203

2085
3258


3426

554
1416

1857
2401
1841

2072
1586

1857,3740
337
1841



3426

3509,336,2757

3179,2541
1586

1586
3294,1712,1841
1458
1416,1857
1303,1857,3533

188




1857,3468
164
3392
2125


3900

1386

340,3392
430

1516

2417


1197
1857






3426






2829,1655

3512,2169,1416
1303
1857,2826,454
1658
2556,1879,2667
3512
935
1857,3424
1857,554
1788






2999


3512
2364
3296,1714
1515


554,1857
1416,2757

1688,3605,3159,3533




3426,340,3553


458
1857


1170,3194
1722
2826,1201




3876
2400
2829,1857


2667
3182

1688


1567

3552,143,3392,3426






1332
1857,2125

3426


1197



1379


3533

2423
3392

3194




3294,1712

841,3683,288

91
3509
2354

1857



1379

1810

3683,3512
2337,3553,3290



2552

3794
3159,1427
3258
1386

3900,164
3533,1523
3437


3258
336,2757,3194


2706


3212
1619,1841


2374,2377,1427
2220


1562
1622,1332
3727,841


2072




1857,3194
2085
1197
2189
158,162


2789
1202



2306,2757


1427,3891
1857,3070,1201

158

1688

3194

340





2377


3824
336
340
2538
2412

3179,1513
3032
340




1586
454

3258,1515,3426
2561
1857
3794,1715

2377

1427,2306,2757
3511

3426
1665,2826
1665,3392


2789


3660
935,1728

3468,3424,2376,1427
336,935
334,3426







2338
3533

1180
1427
3426
2049


509,1332

1857,3533
424

3900,3182
3392,3509
288
3159
3511
3426,1515,179

3196

33,1841


1427,1416
454,2548
3182,3727




3509


3116

3392,2066


3625
3512


1427,2374,2377

3426
935
91
1841
1670,594
1857
1857,1810


1586
3424,3468
1857,3523
3583



1857,1201



2400,2050



1586
1857
3511,1769

2228

3258
3512
3816

3794,2220

2220,1513


1586,1665


336
3179

2364
1769,3498
3258
3426
3032
1857,1879


3272


3426
1974



3159


3392
1841
3393

3426

1841


336
2338


1863,2383,1722
3816

3326,3900
3511
2789,3794
2979

2789
1586




1857,1769


361,3326




3392
3727
3533
3426
3242,3509

1688,159
2374,2377
1332,509,33
3179
793
3426

3512
2269
3865
483,1567
3468




2139,1610
1427
509


3294
546,3941

288

1586

775


336,2220

634,288,3426
3666,1610
1303,2125,2189,1515,3509

3426,3392
1857
164






2374,2377





1655
1841
1170
2353



3258


2239
2338
3179


2220,336
2072



1857

1055

1841


579
1513

1622


3426,1515
3948
509,1332,1300
413
3426


3382


287,3296,1714

3242
841,288

1882,1857

3159,3203


3509
3511,2306
3159

438,823

1416,1714,1857,3296,287


3426,3392
1586


33


1857,2696,3392

1857,1769

1820
3392
3533,2090,1857
3465,449
424



1841
2377,2228
2400
1857,3159
3258,1565


2240
2227
1586
396,1712
1744
1427,2374,2377,1416




1416

163
1370


935
1586,1665
3900
3749
3392
841,3889
3773
2979



424,1852
1586,1776
340


2189,1523
1830,3326
361,267
3041,458
3182

288


1427,517,1416,2240
3116



3258
1199,1857,2827
775
3382

1586,1841

2353



454

812
2538

1857


250
2240







3194
3426
2125
2240


1857,1769,2294
2123,267
1386
162
3159,3533,1688
159
546


2400
1270







2417
1515,337,1857
1684

3294,1712
1857,1769
1857
2066

3021,3936,2016
3426,340
1268,2538
2757

2541

287
1523

2374,2377,3533,424,3182,2066,553,1857

1427,3468

3426
1586

1323,1390



1199

1688

1857

438,1857,3533
3412

336




3392
1857,2353,1769
1586,1857
2374,2377
1857,1199,376

3426,318



3070
3426,1665


2955
336,412,3533
1427,2374,2377

167
1665


1319

1857,2829
3258


1820

3213,3426

2789
1857

3468
3159

554,3728


3533,1857,1841,599


1665

3179


3533,336,3326
1427
1586

1841

1857
1841



3620,158
3203,3426
2085,3382
1857

3258,1565
1303


1728,935


1170
3374

1857,3519,1769




3021,3936

454
2974


288

1857
3392
1586



336,3203
3392,1857

164
1688,3419
2701



3813


3426
3179

3382

3533


2374


424
3258
1610
1857
1586

2050
3294
1586
554
483,160
2717

1857


3426
1586
509




1857,2353
3900,1622
2063
3729
164



3468
794




3426
3392
1170



1857,1769
1268,2538
2789,1523

2169
164
1373
2137
1586,2979
1458
2979

1857
1586

1319
3426





3900


1857,554,1879
1416,1857
2979
2240
3426

3426
1857,385




1290,2717

1386

2581
3794
1857,610,1769



2294
3511,340,2220


1513
2757,3511
3426
1199

3900

340

1332
1857
1841




1857,2374,2377
2066,1863

1688





427,288

1586


288


3900

1665
315
3646
3533,336,412

3816
424,1170
794,3902




2050,3179
2374,2377
3258


1199

3203



3258,1554
1769,810

3533
340

509,1332,1300
449
3625
3159

1841


2066,3533
554
1586
1857,2306



3738

2364,1610
3794
554,1857

3242


1879,3903,3435,1857

2696


3294,1712



2400,1769,2072

841,3900,3533
1390
3392


1201

3182
1290

3533,1857,424,3182





554


3426
164
1857,3829
1610,2738

2108

3511,2125,3392


3212,1974
2548
1516
3426
3179
3294,1712


1319
3426

1202

1857
1857,3194,3605
91

810
841,1857
1714
3426
3382
2228
424

2826,3258


1684,3426

1619
1319,794
1427,1303,2374,2377
1180







523
1515


2756
1882

2166





1586
1427
1200


3296,1714

2338

508
91


517,2693,1427
1300,1332,3419,33
1586



1857,2738,2740


2583
1700
1202,801
1841





2050
3032
1688,1857

1427

3212




1170,594,3435
3426,3392,2199


3426
3533,1857
1586

3426
1622
1427
458,1857,3533
2979,3876





3533,2829,1199


1332,509
342


3419
3511
2826
159,2902

3533,2353
1857
2552

2449
87


3511
1290
2108


2757,1515

1857

1857,2400,2732
158,3512
1841

3509

2557

288
640



2137,3533


1857

523



3829


1319
1427,3533,1857,1416

3426








2189

1180
1201
91
3511,2220

1857,3382
3258,1565
1688
1684



3511
336

156,1322


3426
3116



2868

3426
287
1303

1586

1416
159

3326

2322
2738
1370,1180

1586

336


3865
340
1680
3179

1386
2139



2789
424,3890,3533
445
3632


1857
1515
2228,2374,2377,2757

3865

1841
1610
3525



1665






3900

935
1665

2050

1665
170
2060,935

2227

2240



1390

553
1290
1199,1515
1768,454
1914
163



793

3829
847,2740

1319
3605,2667,554


2169
3021,3936
2090



1416,2135,247

3426

1427

3625
2826
3512
1332,509,1321

1857,2400,2417
2829
1202,1203
2449
3900
1586,2979
3426,384

3392
1619,385
2240,3392
3512
1857
1586
2306,336
3258

336

1416,2738,3203
1303
424


3159,317
340

1416
3829
1416

2552



2561

2364
1427,336



2090
553
3533,1857,3605

1857

3533,336

1586
2667


3179
1202,1203
2383,1863,1066,3366
2220

2979
340,483,158,2269
935
1169
935,2050,3511
336

523,1386
3326
2374,2377
92,3854
1857,3251,3194








1170
3203

2701

3632
1036
396
3715
3512,1974

1290
1586

2400,849,2306
2125,2240
1199

1714,3296


2066

1857,3647
3512


1841,3392

3426

1319
3646

2667

288,1515,3509,1841

3239,1379
2072


1688

3258,1565
3326



3426,3392,594
2066,247,424,454,1841,3294,1712,3511


3473
3392



2123
1665

2066

1416
2331,2979
1852

2400,1523

2137

1179
2383
1586
3392

3511




448,2231,3362,3475

1700


3426


188





2240
1417,1857
2306,2303
91,523
1567
554

1974
1688

2049,340,2189




1427
3116

599
458
3382
2706

1820
804
3392,3426
599
2789,1857,3533
1857,554,2231

1304
2552
2856
1619,2123
2228
935,3509

3829
3533,1857
2353

3392

3900,841

1857,2125


1427


163,1386
87

158,162
3426


1841


3179
3114
3511

1857
3514,1170



3326
3683
1857
3179
3622
393,1416
3426
340
2338,3147


2825

454
1586

2400,163


523
3533,2417


2125
3813


1523
3426


1170
1586
2353



3535






3159,3533
553


1319

2400,1523
1665
170,1852
1704
2338,3392
2789,3533
1567,1427


523
1295
2108,1301
3900
1857

3182
1586
1416,1857

2050

162
1199,1857,2829
1857,2377
1857,554,1665
2829
3426

3426,2199,2757

496,2125
2374,2377
1416
3646

188,1586


2072



553

1458
3426,3203
329

1427,2050
3426




336

505
775


1722


1416
3294,1712,424
3294



1857,554
3468,3515


2400
396
1170
1586
1857,2306
579,3426



3426

163

3533,1072,1841

2701


1390


935

3533,424,3182,554


2400,3729
3644
2979
935
509,1332
3426


1586

3041
1390,1332,1319
3426


3194
1857,454
3392,3294

3032


1622

3865
2789
956
1841
1857,1201
634

3535,3553
1565,3258
523
1857

2670,3426
3194

3392
3625

143,3426
1427

554,1857
3296,1714,1416


1379
1655,2306
1769,2829,1655
1373,2337

2240

91





1180

1523

1072
2450,3296,1714
424

3727


1586
1619,2240





1523
3876

396




3533,2672


3426,3392
3605,554,2236





1857,3212
3426
337,1515

1769,1857

2052,3435
2306,1857

3509
2789

158,483

1323


1199


3426
1857,3519
794,2444
3114

3182

143



91

3794
3203,336



3159







3509



3392

3794
2383
2552,1586


3182
3426

2049
1586

3533
340
287
1370,1002


3203,336
3116
3533,2097
2189
372
1515,3794
1654


3859




158,340,3512



3511
2049
1857,841

3512

3511
3182
3533,1857,599
3512,158

1416,3194
1857
1857,1303,2450

424
1651,1857,1769
336
2672,179
3646
1584
1390

2137

1199,1200


91


3533,1427,1857,1416,2189



2538,3239
1841

3533,163,3273,2415,2102,3468
2955,288,2220

3468,1427
2240,3392


288,1515

2738,2740
1048,2548
1303
3891,1427


3426

3512
3794
1586


935


554,3217

2757

1832,3533


3632
3787,523
3392

1857,1722
3326,1170
1586

1370



3182

2072
1586,1857
3294,801

3203


3182
1857
158,3512

3392,3511
340
3533
2979
775
1857,1879
337
2789,3533
3512,3794
523


775

1857,1769,163
2829


1841
3426
1665
1201
2098


3533,1857
2072



2364


454,1072
3392
1879


3392
454,1769
1416,1427



1567
424



3683,288
3910
1857,2667

1515



3683,288
2384,2740,847
3392
2353,1619


288,427
1688
3179
3159


3511,2220

3509






158
2423



1857
1857
3511
3426
2979


1655,3182



1416




1670,2974
3273
3426,1416



2706

1180
3632,1390
2220,1001


1332
158


287,2220

1857



1586

3392,3426


3426
2449,2189

336,2757,3194

1604,1516
1199,2281,2827

3297,385
3426,3392

1303


3533,640,1857
3221

210,1107

163


2125,3794

935
400
1857
2189
1857
2123,267
454

1319
1523

554,1857,390
1199






1303,3533

1562,517

2374,2377

2049
3730
2789

1001
1303

301

3511,3198
1515

1322
1303
3258
1303


3182,2338


1202

159


1180,3413,3516
3467,523
2667
3794

2449

1857,424

3392




3392,775

1619


1679

1857,1879,1654
3159
210,1107
3212,1319
1604
1427

2228
2780
3406
3406
3426

438,935,2220
1841
1202,3171

2137

3509
361



3900,1857


3294,3213

523


3392,3426

1268,2538

1610
2547,3392

3426
1586

3900,164

3426
1857,2377
2338



1458





1586
554

3900
1303
1722
1714
385
1565,3258



2827
2322
1066,1386
3426
3392

2374,2377
3194
438,424
3646
158,454


1688,2222
2077
91
92,1180


1379
3512
1841






3794
3426
1048

554
1586

3413,3116

3326,3900


1370


1427,2374,2377



2853

1379





3179,231


1390

2131
336
956




1427,2306,2757





1199,1200,2829



454

1820
2417
3533,1523



210,1107
1610

1270




1586
1857
3294,1712,1857

1290

1841,1565,3258
3486
3533,841,3900,3326


3512



775



3646
3392
2240
3533,640,1857
3416,1390
2220,3258,1565

1427
33
3382


2269,3213,3426



3727
1386

3426
179,3194,1857


3509

3426,3392

340

1170
3258,775
775
2552
1513
288,3509,1515

935
3836
1002


960
3297


1390
2400,2050
935

3258,1565

3426,2199

3392
502
3382
1712
3509,2737
3182


366

1837

3426




3533

3646
3426




569

1199

396
1857
1665
1857,1655

91
2125

1001
1586
3116

3182
2732
3182,3891

2220
2099,3523



3556

2374,2377


3426
1610


2364

3159
3900
1303
3847
1586
1647


3179,1379
1857,2072
554
1290

336,3533


1857,2789
633





2979
179,3426



3116
3116
935,2757
3426
1043,1857,2417



2228
1857,1179
2400
2138
3179
318,3426
1427

2417,2400,1857







1665
3426

337


1319

336
1841


841
1857,554,1879,3605

610
3326,3900


1655,2757
1427
3296,1714,3294,1712
1688,3392
2417

340

2223
2220,3258
3533,1857,458,1879




1427,438
2098
1586
376,1655




2547
2442

2050
1810
1622,1370







2228
1319

3363



1379
1857,3435,3903
3426

1036
1332,509


1586
1416,640

2979,1001,1622



3533


3326


3239
3412,2269
2997,1760
3426
1857,3951,2098,3787


1857,3424
1722
287,2240

340



1759

3406
3294,1712,3948
2789
546,2363
424


400


3258

1706

554




1857,810



3392,3426



1586
3468,3515,1416,1857
1604,1002
224,1002
3794
288,1515,3509
2552



3552,2050,3426
1857
424
841


1610,2364
159
1416
1688,454
1881

376,3511





841,3683,288
2125

1974,2199
3116
3900



1841

250
91

935


3512,2306
288,3794
1199,2829,3533,1688

3509
301
3159
556

2147,454
158

3900
3625

3426

2979
3729

1857


247
2306,1199






438


2701
1586
1857
3533



3468,3473
3511
2374,2377,288,1515
1202


3785

336,3465


3512
3116
1332,1319,509
2338,1513


935,1268,2538
1586
3625
517
1665
340
3951,2131
1857
594,2789
1586


3900

1390




1295
3426


424,3182,1857,2757,3533
2979
1857


3533,3326
2701




1857,3194
2789,3294,1712,2306
1857
3426
1722,3830

1857
1857,3951,2098






2670

2829
1841
1416
3836,1513




1002,1370

3159








1769,317
2374,2377
935
1744
247

810,1688
640,1427
3392


3392





1857
2738,2740
824
1712,3294
3392
1830
1879





2052,3435


2125
1857


2240,3533

424,3900,3533





1857,554,3194

812,3934

3392
1857,3382


288,3392

1857
2984
1586
594


1841
1857,554
935
523,3889
447,3213
1841
1180
424
2166
2189

3159

2417
1655
3533,1857,3326,1416,1427


1332,1319
1857,1879

2364,1610
384,3426

1586
1655
1857
3182,1170
3258,2220


3426

3533,2189,1857






3426,288


1749
3392
2223
2353


1513
1857
1001
1170,1048
1303

3512,3900
3435
2829,1427
3435
3258
3514
1841


1688,385

361





2016,1386

3258



1619
523
3392,3426

2236
3392,3830




265,3829


2066


158,483

3426



2220
634




3032
1416
1665


1427,3468,3891
1622
1857,2189
3426,3392
2108
2137,1170


2364
2737,956

3426,3629,3179

158



318,3426

424
1857
340,479

2228,1638
1857,2417
3221


1267

1610
3239









1857


1199,2827
3605,1688,3533,3159,3424
438,823
2979


1857

509,824
2757
3625
2974


3182
2125
2071

1427,1416


1565,3258
1857,1841
1655
397

3625


1841
1567,3159


3787



1416
1622


2979
2072

1332

339
2050

3392,3426

2220
3437
431

2374,2377
1610
3468
3900
3511
1610
1515
1619,3509
2125
3419
1513
2757,2125,2189
3512,3509,2548
1857,554
2189



3258,1785
454
1622



3948


1586

2077,1202
1841


438
1586

1854

1688
3116
1370,1180
2374,2377




1769
1857

438,3533

1810,1769,1857
2377
1586,1665
3179
3426
3533,2693,170

1857,554


641,1014








1854
1513
3426,3392
2139,1610

3900,3382
3900

1857,385,1769
2072,2400
2789
3419
1416


1427
3032


3182,3533

1857,2829
158




3374


2240


3625

1064


3426




449
1515
1728
158,3426


3426,3392,3553
3221

2383
3182
1427



336,424
2166
1427
3213
1857,1879,1882
3876
315

1857,1769
3512
935,1319

1857,2306
340

396,1712




438,823







1840


640,1416



3203
2789
1416,2488
340
794
2322


1882
479,340,3913
1857,385
1688


1586
1427,2374,2377

1610
1857
1857

167

3426
523


454

1857,2400
1000





1785,1554
1622
1586

2072
2979
2193
3194


2374,2377,3533
2222
1728,935
2269
1567
3196,3203
2384,3468
3511





91
2789,3533,288,1515,3509
3382





1586
3646
1665
1857
3511
336





2826
812
1427
3182
1857
1857

3159


3646
3794

3512,3533

1712,1857,3294



454,1386

3258


479,3426




3031,2050

1715,3794

1427

1857
3511

3625,3070


3511
2072





2306,2979

2228,3900



3426
3511
334

3468

336
1655,385

454
163,1448
744,454
158,3853,3426,340


1458
3290
3376,3203
3646
1319


1879,458
454
3326,3533
2169




517,3159





3701
3426


2374,2377



1857,554
3203
1427

517,3159,1427
3242
1810,1204,1857
2364
935,3392

340




1857,163
91

3159
3511,2220

3159

3194
3426


2701
3426

3729

3258
1857,3535
1370


1202
340


775,824,2168


3683
3426






3426



3424,2826
3426
3435
3032
1202
2303,3533

3182
1554






3829

1722
91
1857

1586
2354,3426
3134



361
1622
3203

3512,2169
3392
2400,2071,1769
2401

3179
2999
340,1882


2193

3392,3794,1715


523
3468
424


1688
1706
594





1416
2757
3512

396,1841,247,287,3793,2669
3900,3533
2789



1841

841,3900






2449

3258
3392
847,1857
1857

1586
3830,3258
2449


3951


3426,1706

3625

1199,2829

340,3426
1857,554,1879,1882,3605

1809
336,3533

2417
2979
3948

3533,1857,3512
3426



170
3469,775,2383

1290


1427,3891
3392


3374

2541,3179


2125
3392,3426
339

1655




2374,2377


2415




3426
1390,1323
3179

2049
3533,3900,424,3182

1665



1655,1857
3533,1201


3509
1170

1688,553

1427,3182,841
3511

1857,1841

1857,2306



2189

3511

3424

1427

3794

2789,1416






3836
3326,1523
1700


340
2085,1662
3258
424
1390
1841




3412
3426
340
1619,2541
3646
2789,3203
1665,276


1857,2400,287

2090
1857,3018,3326


1810
2706,1319
3258
2125,3533

3392
3533,3900,841,3326




1974

1857,554

1857,1655

1857,3194

458
156,158
841,3900
162,3179

1515
1586,1665
1619
3426
812,1785,1554
3794
1170,1879

2552




1766

1202,935
340,483
1857


3511
553

1679
2374,1515,3509

2757,2281






3240
2757

935,1303,3326,1515,3509,288


288
424,1857
1688



340,393
1857,3159,1201
1841
3625,812



3426,344

1857,3727,3182
454
162
250,1700,3520

2757


1319,1332,509
1416




164
1712,288
3625
91
2979,546
3426

2374,2377
1622




3426,1459


1722,1567


1373,634




3426

424,1857,2306
1390
1170,594


3794

1554,1785
3326
1700


2552


956


3889
3644
969
3426
3511

3426



162
3179,3629,1379
361,1857





2303,3392



1055,1567
2050,1199
3794

1722,3900


3240
3509
2374,2377


1665
3239
3376,2228

162
1857,2374,2377


2552
1290

3511,891,2757
3508

3406
3605,3159
554,1882

1857

3426,3392

361




1857

3625
553
1857,3217
3533,3182
1033,92

3522,1854

3426








1857,3182
3787
3729


1857
1416,2050,3426
2090
376,1655,1857,3018,92




3194
2125




743

1622
2085,2415
1857,1882,1879

3382,3900
2740,2228



2131,446

1857

1857

2306,385

1647






3392




3426,158
1416,1586




3326



1857
3468
3258,1515


2789

396,3294,1712
3426,2016




1427,2374,2377
3512,2548
1857,3778

1586



2383
3426
188
340

1036,2085




2401


2826,1586
3258
2706



2979
3794






1586
372,3221
336,3203
3512


1882,1857,1769
1857,287






3258




1841
812



640,1416
3413,3516

2374,2377

508

2552
3258,1565
344
1523

1857
315,3242
2353,1688
3900,1857
3900

3468
3179



2979
1427,2374,2377

458
1974
2364
1416,424
1513


1647

3258
162


2789


1379
823,438
1841
3221
1416,1857
1332,509
634,1515

385,2269



2829
340

3511
212
1586
3426,3619
1586,2979




3933,2552
2240

1604,3258
2220



188
3194


1427,1857

2412

579

594,3435




2829
2066,1857

1301


3625




1458


1857,3382



424,3900
1665
3533,1857

2693
509,1332,1319

1857


3774
1586
841,1202,1203
2374,2377



1180

340
553
1379


1416





1427

1655


2789

2979

288
2353
3032

1199,1857,2829





1586
1386,3382,385,454
1857,1769,553


1416,1586,3785
2374,2377

2449

634,2778

1700,523
2789,3426

3392


810,3242

1841,3533

3512,2548



3533,336,412


1416

3468

2670
1427,2377
3258,1604
1722,3900
2374,2377,1427
3326
2220,960
424,3511,3392




3715,3392
2541

3557
3937
3392



1744


523
2738,2740



2050


3258
2338
2072


163

340
3426

1622
1857,3424
509
1722

1523,3533
1170
2125
594,1170
3426


336,424
1688
1199,2829



1427,1665

1299


2757

3952


2374,1515,3509


164
2374,2377,3533



1857,2048


1714,3296,3948




3182
3426,3392
1416

1586



2979

3426

3179
3426



340,3426
599
1416
1170,3326

2789
1379

1841
507
3114
3116
3533,2066
1202

2090,438,3533,2374,2377

1416,1303,2125,2189,3326
3179

3486

337,3426
1180
3296,1714,1416,891
424,3533



1319



336
2374,1515,3509


1386,2077

340,3426
1857
1857,3242,553,1441
2711
1857,1769,247

162
1857,3533
3032
3876

1319
438







361,1199,2306
3625
1610,2364
3683,288
3296,1714,3382,3533



2240

3625





1002



3426,340
3182,3294,1712
1586,1841

1665
2384,2740,847

3392
1180

1647
1655,1857

1515,2050

1516


1722
1654
1513
1665
2050,3468





1586
1319
3512,1974
1386,2085
2227,1655

3533,1857
1523
1427


3426
1072,3512,1515

3239
450
1879,458
1857
1390
1688




1882,3533,1688
91

3426
340



3426

1619
1169
2166
1170,3182
1841
1055
2374,2377
1515,2303
3426
1841

1170,3182


3392


2374,2377
775
1857
509
3179
3294
3258

1857
336
3948

158,1841

3900
2166


287

1513,158,2338
3468,3515
1857,553

179,554,1857
1857,2827
2789,1655
438,2376
2176,3426
1199

3457
3258
3392,1665,1586

1665
1688

935,1728
553
1427,1416
1857,2231,554







3509
956,3475


1857,2696,3392
2383
1974,2050






3392
3900
3512,2169

3468,3515
1879,1857,3050
1170,594,3435
3646
2829
3426



829,2706


424,1852

1857,2789
3258
2228,1638
1857,1655
2979




385,2269
1857,554,3829,2667
1654,1857
3511
250

594,1857,554
336
210



2228
3426

1857,2072
2072

1857,554,3194
3900
3426,1704
3951,1513
2016
1857,2400

288,1515,3509,935
3512

2050
2442
1297,1306,1386
1319,33
509,1332
2107
3533,1857
1586
1857,1879
3159
318,3426

361
288
1841

336,1857,1416
1513,1332
2561
336

1386

1180
3794,935
1857
340

287,3900



3392



3326
3159

3194,2548
2449

1586
3511,340
3512
3326,3900,3533

2829
1857,1879
1586
3392


3533

1416,1857,3159

3426
1170
3326




1857,1655

3179


3326




164,1857,3625,3509



2473
3392
342,3392
3182

1303
3426
1857,454
454



3533,553,336
2561
2400
2979
1610,2364

2364


775

1665

159,3816

1515
3021,3936

1290
1169,1604,1386

2706
385,3297
3683,288


285
3426,1197
1332,509

315
1857

1974

1857,287
1857,554,1882,3829,3519

558,3524
361
1857,2417
2504
2827,287
3426
1586
2979
3179,1841
2374





163
3382,3900
3159
3294,1712,1610
1002,3159
2829
1427,640


1290,2107

1199

3179
1586
1199

179
3426



1170,3194

336,935


2306

1332,1319


3203,3891,340

1857,3018
247,3296

340
1857,3468

841
336
3533

2364
3392,3426
336,1427
1332
3426
1427
3194


2979,3116

1879


775

2049
389,3426


1857,2789


3258,1565

3179,935,1513
1857,1199

3426
1002
1841


3296,1714


3512,3533

3948
1750
170

1748
3392,1857

1857
3294
3948

554,1857





2780
424,3182



3258,1841


3468
1688

1688,3533

1586,1857
523
3940

3533,336,3182
1654
2364
2189
1516,505,2774
2050,158
1586



385,1655
3258,1565
2829,1655,1857



1809


3468
3426
424
1390

3426

3511



3426

3050,3426

336,412,3533


1665
1477,1180
329,2757



1841
3646
1418



336,3465

2338,1513
87

847,1857,1841,2169
424,3182
336,1857,3533,3512

424
158,2199,3426
2979

1304
2757


610
3326
1857,3729

1201


2303,3382

1586
3392,3426


1655,1769
1665
3426
1332




454
3426
2556,1386

1523
1785,3258
1665


1857
3533,517
3794
3116
1688


2338

2757
334,3426
2829




1332,1319
1390
3533


3533,2374,2377

1427,2374,2377
1610,3533,3605
1857,2306,287
3179

1170,1610

1857
1586



3182

3785


1665
2701

2826,1201
3179


340

3159
1665
935

1879,2667

3326

3813
3426
3426
424
3509

2449

2090,3533,2826


1841,2169
554
3555
1665
3426
3203,336


1857,2306




2220
3426


1199


1427
1170
2306,1857,3326



3212

1857
2706


340
3646
640,1416,288

2701
2827,1655,1769
2374,1515,3509
1857,3194

2789

1586



3258,1565

91
1857
3392,3426

3511

1319

1303

424

1386
548
3203,3890
454

3426
775,3203
1857
2072




1304
1857,2400,2417,1769
1881

1202,3948
1857,2504
3646
1857,2374,2306,1655
454,1857
3729
3426
1665,3392
3426

3294,1712

1857,1769,3182


3424,2826


189,3752
2866


3555

3426

1857,1879
1562
1170,2789
247,385




3116

1526,1523
3159,1857
1332,509,1319

449
554,1857,2979


1857,1665

1332,1319
1857,3382
3426
424,2504
1722,3475
1332
1610
2501
1586
3392
935




2240
2072
3512
3426
1841
3794
3296,1714,3294,1712,3182
594,606

3159
3294,1712,2789
1586,3374
2377,2374,1857

509
3913
3533
606,1857,554
1857,554

1654,1857
2050



3392,3426

1586



554


3511,340


2488
935,2538
2789

3426
3794
162,2228

3913
3392,3159,3203

454
3625
3533,3392
1427,3159

1427,1567
3511
1857,2240,1416,3533

2115,158



438,823


1303
3258
1299
2098
1841
1700
1841
3382
1857,247
3426,340


554

188
1370

3426




2829,1199
2016,1386

3468,3116
2979
1180
3891
1841
1857



1170,3194
1841

3294


935
1857,3605



2169
1199,2829,3194
3468,3041
3625
2189,640,1416
2756,3426
2974,3865
2552




2364,1610
3179


1857

1622


288,1515,3509

158

3646
3816
1857


3533,2189

775,794
247
3535
1841
3625,3392
1665
454,3900
1857
2757
1416,2374,2376
3159,317
1857,2306,1303,2189

424,1523
361
285


3533
1857


1299,3389


3221


3182

340


318,579
454,553

3392

3552
1857
1416,1610
3426

3159,1427
1379

3426
3294

454

1882


2581,3426
1201
771,3032
3326

2125,1523

2364

2757
3509
288,3426

1416,640,2789
1722

397
1857,812,1879
2979


3194
1857,553
1857

1655
3512
2222



287,3533,438,3041



3426
336,1857,3533

1857,554
1270

340,3426

3272
3473,3468

2789

2364

1769




3794
2016





1180
1857,1610


3486
1586

3533
3426,634

1688,287



2066
1654,3948

3426


2377
2374,2377
3203,3041,3509
3509

2507
1523

2125
935,1728



3376
1857,287

1654

2417

3889
1857,247
1857,1879

1390,1319
3948

3794
340



1319

3470
1586


1586,1665
1857,2306,454



2829
340


3729

1610,2364
2670
3666

1418

3846
1857
1180,3116
912,824,579



3794

3948
3836


3625,1759
163
3553

3522,1841

3511
2306,2757


2829

3212,2303,2306

463
3182,3533
2829,2306,935
3625
2827,2829,267



2757,3533

3891
1427,3468
3512
523,1882

3258

1586
3533,2353

1809

935,1515,1841,3221,3509
1180,2974
1170
3891
2220
3426,634






1857
1565,3258

446,555,2131
381


3426,1303
1319
2240,3392
1655,1741
1002

2538

1857,610

2374,2377,2228
1857
1688
3533,517,424
3533,2789



3198
1562
2364

1332,509
3625
2667

3326

1857,554,2072,3519

3467,523,93


2239,3533

1199,3509

2829


1202
3426
492



3426





340
454

2306,3511

1841
1769,3412


1857,3829,554

1303
188


164
3794
3326

2757
385

3511


424


2979




1567

1586,1379





3426
3426


1303
2364





1742
2374,2377
3512


2766
1654

3258
1170,3125

3533
2764,340

3533,1857


1706

340
385,1857
3426,2670
554
2789,3426
340
3426

1857,2306

2050,3426

3217,1857
2102
523,2473

2220
288,3203
2338


3242
340
935
3258,3469,2826
1857,2072,935
2102
3179
1857

1170
1427
1879,1857


3258



1714,3296,3533




1857,340
1416
2538,1268
3876
579

1749

2220,3258
3426,3392,3553
1776


3182,3294,1712
3203
87
1974
3511,1655



1586
2220

1170
1416,1586

2240


1658
1857,2789

1841

2228

3426
775,3948
1586,2303
1857
640,1416
3258
1857,3194

523,3467
386,3196
1202,3194
1332
1001
1769,3816


3194
3683,1416,1857

3533,1857

3258
2979

3382,3900




1448

3509
288

1840

3512


3426

3607

2674


3900


2281,1199


1386
1654
230,2364,1610


1619
3509


1857
3533,3294,1712,3296,1714
1586
2097

3794
340




1303
1857,1729,1769
1319


1857
1386,743

3847




554,3382,3251,1879
2979


1857

159,1857
2866

1610
1857,3727,841
2240,2789



3533,1857,3326
3876
1586

2417,3900,3533

2374,2377

1586

1586


3625


3426
3876

2740,2240



1565,3258
1586



2561

1655,287
2789
91
3382,2450,1857,1655
3646
1857,1769,1879



472,2757
1170
1841

2986

2303


1180
1473

2740,847,2384

336,340


1586
1427,2377
1332
2829,1427

1427
2374,2377
3296


2050
3182

1332,509


2337
2108
3533,3294,1712,3296,1714
3509


509
1857
1841
3625

3511
3426

438,823
794

3203
1841


3891

1586,2979,1386

3522

3533,336,1857
1857

2789

1332
1554,1785
2169
1857

801
1863,2383,3366



1586


3159,3533
1379
336
794
3468


1879,3159







424,2115
3179
1386






3296,472
3512,3533
338,458

454,1619
315



2072,1857
1857

3511
2085
3646

340
1974




3426
396,2979

1586
2979
2016
2400,1769
2383

3426
1332,1319

454


340,3426



2306,1857,2353

1180,1202,1072

2374,2377,1857

397,2269

2757,3533
162,2269
429

287

2785,3910

1857
1684,2860,1513





1199
1857,3519,1882,3605
150
554
3900

1688
2829,3533,2066




3179
1565,3258

2829,1664

1841,288


1841

158,483,2269,156

1857,553

1619,3512
3468,2240

483,832





1665
340


2547,3773
1857,1201,1769
3625
1584



1857,554



1857
2829,3533
2137
3392
3794
2556

1370

1567

1665


334,3426

3533,2125


1332,1319


1199

1379
3242
1744
579


1332
1857
2338,1513


2189,1416,1655

2400
3258


396,1857

1567
1841
366,1688

3794,2050
454


3412,2269


3511
1586
2374




3182,1852


1665
1379


3116
2228,2740
3794

3426
1379
640,1416

158,340,728,1513


1857
3535
523



1416,336,1427



1516
3465
2383,3468

1655
3426

553
188,424,3212
3426
3374
1458

3794

1665

2085
912,2374,3426



1586,1776
3194,1857
3426
3948
1857,3159,1201
1002

2717
3294
2098




1386
1857
1857,2306
1857,554
3468
2306
1379



1854
1857,1523


1416,1688

3159



91
288,1515,1688,3509


1671,3475
2306,2400
841,3900
1036

3182,2115


2789




775



1841
3646


91
3426


3511,2220





3179,340,935
3159
2374,2377
1857,1427

1586

1586
1857,554

1523
431

340


3221

3392,3426
1841

554
2552
91
1665

3511,2220

2789

775
1857
1841,3258,2789,1565
1072


336,1857,3533
288,1841,2169
1655
3729
1857


340

554

2383


3182


594,2868
3426,340
1586


2050
3212

1841

2548

3426





424
2353
452,3426
472,2757,2541







3495
1586

1688
3258

1319
2757
3221


250


1586
3392
1688,159
2049
1523,1857
1180

1199,1515





3207
483
3426

2090
3290


1386
3683

340
1390
1670

1654,1857,3382


1586
3426
1370,1002

3258

1604,3392
1416,640



1427,1431,3159


2552
287,3533

3683,3512

1841
3787


3794


340



2826


1290
1390




1390


2016


2016

3258,1565

3511


3533
162
3701



1841

1180
1820

1515,3509
2717
3426

832

1714,3296,3533
2701


3182
3392,3426

1199,2306

3392
1180

3900

3426
1513


3426
1857

3426
3646

2125,1857,1655
3194






1586,3374

1857,2306
2085,1842

956


634
3116

3374,1586
1688
3426,3392


1665



3426,3392
3900,454
1857,2306
3426,2176

3392

1841
2306,3194,247,424,385,1857

1586

1841
3760

1688
794,3605
1586,1857

1882,3426
340,3426



935,1515,3509,1841


2016

3646


317
794
3426,1665






2338

3426,3392
3273
2338

2085,3021,3936

640,1416


1622

424

1665
3412,1857

3683
2667
2374




3392

1841
2125


3512


1416,2789,1427

2552,387

1714,3296
1665
1857,1170


1857,2732


340


509,1332
2979
1562
3816
3512
3426


3533



1857,1513
935
3258

969

2488
3552,2354,3426
164


2552

956

1688
3203,640,3392


1622
3426
1857
1857,1586,2979


1562

1655

3392

3533,3605
1841,3182

3729




3468
3116





523
3816
1586

1857

3258
3480,3203
1857,3159

2955

2829,3533
1857,3018
3552,3426

424
247,1688,3533


1199
3646
1610


1427,3159

2338,3509


1665
2757
3294,3511


722,1513



1586
775


935,3509,3794

1322

1586,2979

1841



2193
1619

3512



554
2789
3533,2189
1427,2374,2377

3813

1857,3625





3876
340
456
3646

2501,159,1841

2829


1416

1586


3326,2757,3533

1586,3374
1586
3605
891
3625

2050,2538,1268
1370,1180

3511

935

3242
3646
3392
794,3902
1857
1857,454



3891,1416
2189
1857
3836

1841
3829

288

3182,2306


1523


594



372
3646
336,3203
92
1332
1744

1857

2362,960
3426

143,1427
3533
1180
3203,336
3794

1586




3032
2979
2240
1586
188
3258,1565


3196

3426
3392
1586



3194

361
3213,3426

1914,824,400,1974
956

1304,935
1665
1386,2240

340
1427,1722




3900,3533


3435,554,1882,3519,2236,3829
3194,2548
1180




1974,3553
2417


1332,509
3426

3512,288
1688

1170
158,162


1170
361
3426,3213
3203,1416

3258,3419
3557
2050
1513
3116,3511

1610
1857,3018,247
1332
634

1655







276,486,1513

3182

2400

3213,3511



3299
2667

2353
426

317
2989

3514
3533,1857
1857

2422
1857

2016,1386
1513
1857,3159,3424,1688,3605



3426




3203,3468

1879

1857,2829


1857,554,2979






3511



1857
3392,3948
91
424


3258,3469
1586
1427,3159

2050
1373,1288
2169,3512
3468





3511




1655
1857
2374,2377,1427

3533,426,819,1783

1427,1416
1857,2400,1769,3829

3294,1857

1370,1002
1386

1619,163
1379
3468,3469

3032
3426



2979
1586,2979,1769

2829,1199,1857
3632

1554,1785
3203
3426

775,1370

2757

2107
1586,1523,446,2979






3179,935
3258


3512



1586
381
2374,2377

3426
336,3296

1586






2979
3258,2189

1655,385
3296,1714,3533,3382,2450
1586



3258,1565
1655,3512,2757


3794,1715
1199,1857,2829

2789

1863,3366
3159
1882

2400,163



1332
2789
2050,3794



1857,1879,1882



1586

472,361


3632
3729


1610
3182






1416
1841
3426
340


1199
3198


2374,2377
3182,3533
1523

3426
1180
3468
3509

3794


1857,3435,3194,3605


841,288,3683
318
2757,2050

3426




1427,2706
1857

1586

2541
1379
318
2322

1857,3385,3519


1857
3392
288
3159

